place_pose
AGILE_left_palce1_2:[5.0, 109.0, -90.0, 0.76, -0.165, -179.985]    
AGILE_right_place1_2:[400.0, 110.0, 253.0, -0.007, -0.047, -179.987]

AGILE_left_palce3:[5.0, 77.0, -66.0, 0.117, 0.787, 89.958]     
AGILE_right_place3:[400.0, 78.0, 277.0, -0.0, 0.02, 89.954]

AGILE_left_palce5:[4.0, 45.0, -39.0, 0.117, 0.787, 89.958]                                             APP.py:144
AGILE_right_place5:[399.0, 45.0, 303.0, -0.0, 0.02, 89.954] 

AGILE_left_palce6:[34.0, 46.0, 12.0, 0.277, -0.717, -120]  
AGILE_right_place6:[429.0, 45.0, 354.0, -0.004, 0.006, -120] 